[ 1.23578541  1.41233969  1.55491469  1.79649941  2.00805633  2.23357904
  2.35131745  2.42875279  2.60527955  2.98692237  3.0625529   3.28863731
  3.44314485  3.51348989  3.49984267  3.75748549  3.98441946  3.89565325
  4.0600187   4.09942768  4.30188334  4.14944689  4.37369095  4.25031906
  4.23614161  4.32246202  4.33980189  4.47897308  4.29029153  4.2365533
  4.32425986  4.16091087  3.96152965  4.07599309  3.77049791  3.67360227
  3.53816367  3.40475739  3.39843466  3.19795777  2.72701485  2.89213009
  2.70494581  2.67809643  2.35952381  2.49245278  2.19722503  1.83462892
  1.80243802  1.55236875 -0.89048176 -1.02193467 -1.28442095  1.32289849
  1.19727291 -0.89274506  0.28883814 -2.54519741 -2.87066397 -1.76593442
 -0.99163109 -1.0607422  -1.06500175 -1.36609681 -1.53295791 -3.73167132
 -3.95592838 -0.69216201 -2.00841683 -4.50446787 -4.65134068 -4.87863835
 -3.30306874 -3.44851372 -1.78371209 -4.10674337 -3.8294588  -4.05419755
 -3.88739707 -3.9935202  -4.01612333 -4.48936947 -4.34421134 -2.9141557
 -2.95629236 -2.6633824  -1.60786387 -3.84960022 -3.84445292 -0.25909345
  0.0657918   0.29153821 -1.59724871 -1.53664297 -1.37243087 -2.04976925
 -2.43310032 -2.21401176 -1.80408124 -1.83260057 -1.74711214 -1.43196875
 -1.2306943  -1.05879935 -0.79846806 -0.33458448  2.9197024   1.75238591
  2.17641634  1.69951339  2.43182297  2.46226609  2.72926933  1.99470398
  1.93725448  2.00383342  3.48250765  0.77090757  3.00462215  1.29481164
  1.17777755  1.40707702  2.27940204  1.13247042  1.49558633  1.24586225
  2.49706592  4.83198455  1.68833889  1.13908879  1.06975735  4.04140079
  3.78982544  3.7429854   1.94080079  1.89624301  2.16911224  1.88180173
  1.96199439  2.49194156 -0.06503244 -0.42807896  3.32159237  2.83857983
  0.32746461 -0.03682529 -1.13607816  2.37907099  1.93512878  2.18378679
  1.69066599 -0.13475536 -0.30778196 -0.48611256  0.17448345 -0.16460038
 -0.38986584 -0.527632   -0.90543114  0.16916585  0.10184362 -0.61196345
 -0.65964258 -1.85517152 -0.90804173 -1.02485459 -1.7616488  -2.02150848
 -2.18202516 -4.33576949 -4.36048885 -4.37579473 -1.65689345 -1.62940594
 -2.42192534 -1.73274503 -2.321331   -2.38932578 -2.28299232 -2.25008122
 -2.17094573 -3.89879535 -3.66287989 -3.48720451 -3.37179929 -3.46031891
 -3.24309965 -3.26773801 -3.02435559 -2.32074562 -3.43026543 -1.17430219
 -0.94722644 -1.85054749 -0.71411829 -1.23438418 -0.20570597 -1.09995166
 -1.26453841 -1.37955275 -0.24475631  0.31576957  1.26903334 -0.132596
  0.05122819  2.72490409  2.84969185 -0.4604773   1.16500324  1.43756759
  1.53214766  1.6561334   1.69021297  4.01469596  4.17668604  2.80303282
  2.68424384  2.34885671  2.764082    3.13099147  3.35297051  3.08646681
  3.56800427  3.92115919  3.66337808  1.47220509  2.12718984  3.49845187
  3.34084766  3.38468497  4.20385742  2.96877007  1.50092267  1.52280117
  1.56356311  1.402704    1.35271207  1.04764192  0.92047625  0.88712043
  0.65747842  0.69205274  2.10189825  2.18743399  0.09920221  0.39903771
  0.75988512  0.58951826  0.41602106  0.03874517  0.12596121 -0.27116672
 -0.75590577 -1.06671286 -1.27912145 -1.34396827 -1.44072297 -1.7436023
 -2.26126806 -3.1267991  -3.46536184 -3.70217995 -3.88404812 -3.9646991
 -4.11668969 -4.18181238 -4.43846963 -4.3872607  -0.95214551 -1.31016812
 -3.50079557 -3.5516397  -3.48270111 -1.14771937 -0.93921148 -2.45585064
 -2.27601527 -2.93329536 -3.03259051 -4.66366762 -4.60711837 -4.58370899
 -2.16974699 -2.44706956 -2.36297428 -2.42464858 -2.24009838 -1.8255547
 -3.17241917 -0.01084371  0.12542166  0.07723576  0.58250192  0.70241356
  0.62402787 -0.15868731 -2.32786446  1.18540211  1.46422123  1.68646907
  1.90085916  2.26426     2.36608799  2.64102032  2.85201496 -1.06689675
 -0.74919394 -0.56158044  2.65054049  2.57052315  2.79275404  1.90786587
  2.8912888   3.10806112  3.22106217  4.3639987   3.28640387  3.38719694
  3.89301004  4.04713167  4.22411944  4.30162672  4.4832204   4.49049718
  4.48474027  2.80019128  2.72117223  2.75550805  1.93767764  1.74531143
  2.40684286  4.34723449  4.23451574  4.29807637  1.05667201  2.60552081
  1.2077547   1.16705784  1.00319512  2.13989566  2.08658845  3.09339883
  2.96027163  2.66450709  0.22125736 -0.11743829 -0.38661982  2.35499557
  2.06851351  1.69912938  1.52632535  0.15694392  0.02128595 -0.13230901
 -0.28349686 -1.47222076 -1.56882607 -0.43193378 -0.68850018 -0.77509069
 -0.93752904 -2.24342556 -2.18311005 -2.22881756 -2.84201092 -2.97972156
 -1.6215087  -3.725678   -3.64842227 -3.92770729 -3.25608324 -3.18951066
 -3.2413809  -3.12423014 -4.02122197 -3.83977852 -3.33611246 -3.36737555
 -3.348554   -2.49909817 -2.54422873 -2.46020648 -1.69648553 -1.54684701
 -1.18983515 -1.4620367  -1.59236288 -3.34879149 -2.42297372 -2.4833345
 -1.82414039 -1.72468242 -3.07623722 -3.05065542 -2.98474411 -2.63057223
 -2.51909564 -0.62671913 -0.18572089 -0.28290441 -0.33435182  1.38923147
  2.25682381  0.72027426  0.10318894 -0.79833174 -0.80888393 -0.54458231
 -0.25268254 -0.15001286  0.02072863  3.74764382  3.88769916  3.96623301
  4.00249633  4.06526554  4.21979441  4.25194223  4.19569533  1.77334022
  1.90088285  3.62866703  3.70922827  1.26267862  1.79462759  1.8312927
  2.30771931  4.68842055  5.06497283  5.01881559  3.73109524  2.12494498
  3.76477268  3.57231095  3.22845286  4.21788612  4.29076667  0.22791027
  1.64927062  1.62921828  1.46445908  0.11811075 -0.39244    -0.22268358
  0.42520353 -0.29464365  1.35907925  1.14754923 -0.00683638 -0.27574624
 -0.44935419 -0.69082042 -0.98346706 -0.95228506 -1.27359916 -1.39405663
 -1.52260273 -1.9327861  -2.07832238 -2.08438071 -2.16482587 -2.28479461
 -2.65969923 -2.5701692  -2.78297315 -2.96229317 -3.04476543 -2.99566077
 -3.13400704 -3.23122527 -3.27574644 -3.25986617 -3.40349817 -3.41783868
 -3.32718958 -3.48008513 -3.37919259 -3.47364102 -3.43537495 -3.36308092
 -3.24856873 -3.11683773 -3.1517531  -3.2258302  -2.91676561 -2.62859323
 -2.74759931 -2.80470911 -2.48360249 -2.35949969 -2.21899311 -1.95986586
 -1.75436001 -1.65590576 -1.56460593 -1.26140957 -1.34237909 -1.08067602
 -0.88338894 -0.63839309]