[ 1.49671415  0.8637377   1.65169655  2.52904789  0.77387871  0.77591321
  2.5912851   1.78153319  0.5466543   1.56072302  0.55678365  0.55651403
  1.26625259 -0.8869393  -0.69652215  0.468167    0.01968638  1.34883194
  0.12863177 -0.37357247  2.50645954  0.81711818  1.11251056 -0.37767378
  0.50478793  1.16219369 -0.09761783  1.43118262  0.45695899  0.76802125
  0.46012993  2.91624053  1.05259517  0.01051579  1.89291022 -0.14833547
  1.28351894 -0.88286332 -0.24922347  1.27798389  1.82175365  1.25682409
  0.97198061  0.78870263 -0.38653387  0.37433008  0.63572605  2.15568197
  1.44437735 -0.66007737  1.42925489  0.72230119  0.43267845  1.72349817
  2.14504727  2.04755819  0.27929534  0.81153975  1.4542593   2.10078924
  0.64832261  0.94409513  0.0256809  -0.06192446  1.94907883  2.49506841
  1.0690982   2.14692572  1.50731792  0.5028558   1.5116694   2.69061322
  1.11905807  2.72183984 -1.46023221  1.98373675  1.2512073   0.86748354
  1.26058698 -0.81640272  0.95383898  1.53297281  2.65610836  0.66230288
  0.37444301  0.68354781  2.10307995  1.51880668  0.66267785  1.70809275
  1.29429491  2.16825918  0.49996273  0.87676011  0.81472536 -0.25426535
  1.50779079  1.47515156  1.22164036  0.98437526 -0.19396798  0.80320269
  0.88358364  0.42647593  1.06992746  1.63772892  3.12233379  1.41320047
  1.49865277  1.16914115 -0.67269448  1.2220575   1.31130123  3.71681778
  1.06372436  1.56014735  1.22640796  0.09496645  2.40899712  2.02064223
  2.0622811   0.36440674  2.67913864 -0.12295149  1.86831703  3.47448104
  0.29605971  0.72287407  1.39140409  0.79086316 -0.25373334  1.36808952
  0.23982448  1.77832749  0.38792291  2.85989886  0.52933371  0.99315329
  2.13136508  0.08962188  1.55058975  2.63292147 -0.2790503   1.51572631
  1.5936401   2.11825036  0.10215231  0.02132729  1.86641172  1.64414646
  1.60035166  1.69900944  0.67524433  1.590236    1.65377346  0.6490737
  3.2319292   1.84272266  0.18032676  2.03092987  0.40244609  2.16696938
  2.54124289  0.56473305  2.3515651   1.80374906  2.21581301  3.29333613
  1.15395091  0.64840434  0.51543316  0.59195001  1.33347693  1.75455459
  1.69292305  2.2462508   1.43491042  2.87828926  1.16295072  4.15063479
  2.05899676  0.57904139  0.36818172  1.92442766  1.22137925  2.16173511
  1.92387061  1.38070824  0.60965342 -0.05548428  1.01576964  2.32161088
  1.68223919  0.22534589  1.64721071  1.86229817  0.59608028  1.63662565
  1.54407804  0.34587373  1.84961206  2.05559586  2.58085519  2.5546046
  0.12613779  0.56899275  2.0248697   2.02664308  2.03093356  5.37165217
  2.09285207  2.66057416  2.48206336  2.18251203  1.21891684  2.29622674
  0.7675099   1.30660026  1.06114525  1.63147905  3.86736579 -0.31144945
  2.24519068 -0.0506644   1.09324683  2.65726278  1.63573197  0.49685322
  0.86244664  2.26050675  0.85370735  1.80370389  1.63599481  0.94200665
  3.74074149  2.23391322 -0.4219452   1.7928613   0.94783655  2.46527882
  0.82355366  1.50457334  2.12753892  2.49155519  0.42875844  1.29781498
  1.16063881  0.98552933  3.4075938   2.05040883  0.38783732  2.56988396
  3.77748556  2.6911086   0.14259397  1.18105712  2.93553626  0.96429623
  2.11913241  2.45330101  0.75509718  1.62586972 -1.55249811  0.66776251
  1.44296969  0.45114913  3.33474488  0.27560027  1.26911206  1.84331886
  3.15728015  0.28358016  2.88604839  1.73656691  0.74828132  2.19535649
  1.93578269  1.13998304  1.81348588  1.36186106  1.86418985  2.41630802
  3.34370603  0.52339261  3.89776743 -0.18382075  1.62002203  2.36367149
  2.05990041  1.1597704   1.57791618  1.29661315  1.20383213  2.64638897
  2.15739953  1.11107882  2.70719988  2.11851834  2.627707    2.44810705
  0.99312379  1.26558564  2.57671548  2.44345464  1.81585262  1.95775878
  3.12178084  1.25623648  2.39860456  1.65302125  1.64124684  2.96142647
  2.69179499  2.68362477  3.17933792  1.89861442  2.56332253  1.57486931
  2.21307646  1.76254865  1.99347684  2.49543466  1.08586131  4.00028125
  0.90569619  0.70135222  3.07748662  2.71488103  2.55118844  2.55927213
  1.92254556  1.04141142  2.01835156  1.26927427  2.92545249  1.80717994
  1.13265251  1.64068408  2.37892945  1.40620937  1.15165734  2.22151665
  2.22675563  1.47881342  1.51869378  2.22576547  0.54962261  0.59424259
  1.28726956  1.79628208  2.32466027  3.49314046  2.87948347  1.86593301
  2.01091113  1.03146189  2.01955018  1.75348488  2.36895045  1.22309751
  2.57377972  3.5912851   1.95390725  2.46850859  2.76107859  1.67386014
  2.3033274   2.09598995  2.18524462  1.31873805  2.12044569  2.59812987
  3.55547965  3.06781976  4.26595271  1.34965245  2.99355889  2.30882698
  4.31954313  1.32570566  1.29855438  1.54316441  0.02295073  1.62538942
  1.39631838  2.31016004  2.50584608  4.04459346  3.12318764  1.60021003
  1.28305759  2.67775875  0.86998242  4.02605921  3.37843416  1.73422077
  0.4946731   3.56610004  2.1021167   3.45891061  0.63111327  1.63062144
  2.23970462  2.28591491  1.79335119  2.87075792  1.18478787  2.11453814
  2.38173161  2.78040221  2.98211472  1.15040329  0.74548585  3.56184061
  2.6210507   1.5448322   3.84906194  2.41818502  3.4864172   2.37925735
  4.3771149   4.07634519  2.07668685  3.30187791  2.98034818  3.70827841
  1.37940737  3.03507564  3.41215142  0.59969961  1.17990218  0.32865957
  2.10322543  3.09492454  3.88449885  2.46100563  4.020305    1.01637616
  0.69789293  2.35053503  2.79496516  2.38303158  0.35312052  2.33628855
  1.12579476  3.1048022   2.80660303  1.50500989  1.93591743  1.3954753
  2.39692401  3.41966956  1.48373518  2.97845161  1.94910124  1.6914497
  2.38226579  1.4590374   1.94562397  1.30639893  4.47401552  2.54957754
  1.81962214  2.7383713   2.41711718  2.31353958  3.15374997  3.30217523
  2.0192608   1.97904833  2.28492972  0.26318534  1.05505079  3.94226175
  4.22551112  2.33667362  3.16744322  2.90732337  5.68015136  3.72605321
  2.48377888  1.66138465  1.01571786  2.83087739  1.8763231   1.21569075
  1.99665274  1.56696937  4.34096134  3.54077241  2.6564836   4.14973463
  2.75250372  1.81920683  4.20898146  3.23014452  1.65937617  2.51168229
  1.83181217  1.33005097  3.64445938  4.63314047  1.33060916  3.29760978
  2.08947273  2.25847563  2.15870379  1.89261464  2.81064577  1.9367038
  3.04365159  2.72850859  2.54536171  1.88232029  2.21869797  3.55645706
  3.30759076  1.83473729  2.91725506  3.57495136  1.15981173  3.3782413
  2.17793279  3.41684201  2.08868237  1.05276902  1.2358297   2.91718956
  3.13457107  1.97628739  3.52496345  1.23062945  2.8318598   1.69272507
  2.25771846  2.96277817  2.06080273  2.54250883  3.93921717  2.36190421
  3.78037166  1.82086795  3.48628604  4.40396936  0.49668697  2.17737882
  3.5573007   2.78314961  3.36331923  2.39417851  3.09075581  2.85450313
  4.18398882  3.27666605  3.3658984   2.62248143  2.55282696  2.61396195
  3.44707142  2.63774614  3.35462906  5.14639084  3.94826288  2.75727507
  4.2906853   2.68758113  1.06372947  2.09997761  1.24349435  2.76900759
  3.14518674  4.80946547  3.46622786  2.92648484  3.98128842  0.9470576
  3.40013017  3.94171617  1.69861278  4.32731383  3.52842968  2.78103161
  3.83550043  5.47982327  3.39742135  3.47021322  2.76908217  2.38506205
  4.07171852  2.39178813  3.32594044  2.78323202  3.7463976   3.60762125
  4.31805356  2.77706481  3.02378701  2.32149215  2.86256972  3.69078382
  4.07710554  2.40459848  4.20302991  4.69573536  3.76021929  5.23028047
  2.58640913  2.12227075  1.5949458   4.87646444  4.04155339  3.33838422
  3.68073224  2.2820829   5.86014589  3.55045072  3.53747364  4.16070848
  3.92282785  3.67259317  2.66513901  3.93399996  5.3514881   4.82182952
  5.07655587  2.97912728  2.50772581  3.37854537  3.56707288  4.61256921
  1.83295686  5.06202971  3.38154352  3.11975653  2.5416336   1.90599589
  4.39115198  3.64844246  2.292321    2.29437486  3.26085503  5.27286173
  3.35146374  2.11514148  3.37978518  3.36006299  0.94317276  3.59305194
  3.42371427  4.35817177  5.51825276  4.80320763  3.41511456  2.58485272
  6.27212858  3.76539215  3.72752277  3.69690301  3.92656236  3.5915816
  3.16975937  3.20405677  3.72567178  3.22252465  3.06064308  3.88747362
  3.53363582  5.30019084  1.15282803  4.9029199   5.0651287   1.753299
  3.49166268  3.47058578  2.44220669  3.07960884  2.75457226  5.62515658
  4.81631805  5.1599638   4.61786537  2.77494171  3.38728902  4.40901529
  2.70536005  4.64834913  3.70290387  3.57630282  4.66999375  4.41122308
  3.61393546  5.14218919  2.90976975  4.61475834  4.59992964  3.70530361
  4.34902081  2.77982804  4.96303858  3.86219554  3.53247695  5.11232771
  3.36710956  2.67114301  2.53114251  4.70196536  2.82372616  5.86716622
  2.0386756   5.82531084  4.34813791  4.04868985  3.60878298  4.56115389
  4.13271544  5.28200107  4.3012926   4.34574922  3.84023454  4.15531724
  4.52849759  2.51897726  2.88942699  4.98936021  4.42546224  4.07913118
  4.29008321  4.62778283  3.74901041  3.51905149  4.50180478  3.33620729
  4.73147062  2.62928934  5.369701    4.82183262  4.61397205  5.34935791
  6.04088344  5.39853863  2.55207145  3.1221634   3.78573408  4.44547364
  4.94588922  3.71135171  4.63274535  3.69949651  3.85228032  3.06607355
  3.55845582  3.13897681  3.52377848  5.56230183  3.56828749  7.15911286
  5.02911122  4.7297101   3.69561504  5.26339976  3.99658737  4.70338861
  7.15063526  4.50368111  5.75822303  3.9150004   4.59243393  6.40748716
  4.01900212  6.46771897  5.37234221  4.11146201  5.31569374  5.66521639
  5.32386662  3.14124546  3.99376538  4.48283517  4.66539055  5.36998521
  4.93652225  3.43300405  5.1580925   5.39804575  5.35683495  5.88742892
  5.65019326  5.28509337  4.76540906  3.18429467  5.28457403  5.07236313
  5.14599336  3.60742453  3.81289469  5.95690178  4.87401109  5.6049039
  4.96157824  4.9728924   5.89131623  4.44690367  5.06900501  4.52056466
  4.55831938  4.6936391   5.23496063  4.54411393  6.28867445  4.14838693
  4.86621867  4.62347555  6.52032104  5.28005477  6.12552171  3.61831435
  5.38114295  6.0139619   5.21687401  6.21034985  4.63788106  6.57483761
  7.47472961  4.82335495  4.75107375  6.6603643   6.79697635  4.70498943
  4.8181288   4.96701813  3.91486033  4.35118805  4.27624945  4.523164
  5.26686919  5.54638253  6.87330326  4.33510498  6.32845901  5.14084674
  5.31609226  6.05111731  4.26433916  5.78025583  5.57510478  5.91193197
  5.71949916  7.89650218  4.81435535  4.93201348  4.85080687  4.92942912
  4.8584999   6.69590634  6.93841885  4.95821518  4.70767489  6.02253717
  5.01001192  6.20630239  5.78745149  4.07996458  7.15441652  7.41401403
  5.01659518  5.25295235  5.9378119   5.9977185   6.33314384  7.69616466
  5.5203962   4.91045227  4.34085921  5.0007002   5.709978    7.54916054
  5.2485121   6.00145514  5.77281119  6.98921741  8.33936982  5.29320513
  5.34629426  6.89157773  6.54101488  7.71756069  6.466535    5.53509171
  6.4968392   7.02671214  6.7503386   6.44900203  7.02029804  7.1348381
  7.35964452  6.63816235  5.83432528  6.16017194  7.23200617  5.22062459
  6.41832077  5.66842005  6.10263934  7.36450632  6.28933782  6.15688398
  4.76282442  6.88119174  6.79270451  8.32278179  5.86408021  6.40336485
  6.44597901  7.7864542   6.12613581  6.51290818  6.85426342  6.44548127
  5.8249688   6.47804776  7.37017001  5.28262864  6.45474453  5.63431024
  7.54215922  4.83663262  5.81363004  6.76252162  7.96361718  6.34515188
  5.86853724  8.31775417  5.00146928  4.26358909  6.91534722  5.98624217
  5.48005316  7.22265801  6.77114391  5.97633232  5.27320046  7.43908232
  7.22997256  6.49376823  8.45278017  5.54928391  5.1070955   5.95399111
  6.61361826  6.91587547  6.44465838  7.05133501  5.46115215  8.169895
  6.65744494  7.87038463  7.10933384  7.23690847  7.36349641  7.25503875
  7.46368123  8.16376657  7.04481811  7.571011    6.7860093   8.32962746
  6.22691075  8.71806391  6.89081361  5.51407227  7.08685539  6.29163074
  7.82728527  6.34800501  6.56846082  5.13914685  6.5904527   4.63297931
  5.48708365  7.84555726  7.88512722  7.53899749  6.1608051   7.09433972
  7.15274693  6.0123118   8.68843049  8.07677893  6.9928657   7.25515781
  7.45112579  5.2155081   7.02459459  6.60434583  6.29929731  7.03443347
  9.127866    7.98569736  6.78837992  7.94687554]