[ 0.00000000e+00  6.26666168e-01  1.24344944e+00  1.84062276e+00
  2.40876837e+00  2.93892626e+00  3.42273553e+00  3.85256621e+00
  4.22163963e+00  4.52413526e+00  4.75528258e+00  4.91143625e+00
  4.99013364e+00  4.99013364e+00  4.91143625e+00  4.75528258e+00
  4.52413526e+00  4.22163963e+00  3.85256621e+00  3.42273553e+00
  2.93892626e+00  2.40876837e+00  1.84062276e+00  1.24344944e+00
  6.26666168e-01  6.12323400e-16 -6.26666168e-01 -1.24344944e+00
 -1.84062276e+00 -2.40876837e+00 -2.93892626e+00 -3.42273553e+00
 -3.85256621e+00 -4.22163963e+00 -4.52413526e+00 -4.75528258e+00
 -4.91143625e+00 -4.99013364e+00 -4.99013364e+00 -4.91143625e+00
 -4.75528258e+00 -4.52413526e+00 -4.22163963e+00 -3.85256621e+00
 -3.42273553e+00 -2.93892626e+00 -2.40876837e+00 -1.84062276e+00
 -1.24344944e+00 -6.26666168e-01 -1.22464680e-15  6.26666168e-01
  1.24344944e+00  1.84062276e+00  2.40876837e+00  2.93892626e+00
  3.42273553e+00  3.85256621e+00  4.22163963e+00  4.52413526e+00
  4.75528258e+00  4.91143625e+00  4.99013364e+00  4.99013364e+00
  4.91143625e+00  4.75528258e+00  4.52413526e+00  4.22163963e+00
  3.85256621e+00  3.42273553e+00  2.93892626e+00  2.40876837e+00
  1.84062276e+00  1.24344944e+00  6.26666168e-01  1.83697020e-15
 -6.26666168e-01 -1.24344944e+00 -1.84062276e+00 -2.40876837e+00
 -2.93892626e+00 -3.42273553e+00 -3.85256621e+00 -4.22163963e+00
 -4.52413526e+00 -4.75528258e+00 -4.91143625e+00 -4.99013364e+00
 -4.99013364e+00 -4.91143625e+00 -4.75528258e+00 -4.52413526e+00
 -4.22163963e+00 -3.85256621e+00 -3.42273553e+00 -2.93892626e+00
 -2.40876837e+00 -1.84062276e+00 -1.24344944e+00 -6.26666168e-01
 -2.44929360e-15  6.26666168e-01  1.24344944e+00  1.84062276e+00
  2.40876837e+00  2.93892626e+00  3.42273553e+00  3.85256621e+00
  4.22163963e+00  4.52413526e+00  4.75528258e+00  4.91143625e+00
  4.99013364e+00  4.99013364e+00  4.91143625e+00  4.75528258e+00
  4.52413526e+00  4.22163963e+00  3.85256621e+00  3.42273553e+00
  2.93892626e+00  2.40876837e+00  1.84062276e+00  1.24344944e+00
  6.26666168e-01  1.19434012e-14 -6.26666168e-01 -1.24344944e+00
 -1.84062276e+00 -2.40876837e+00 -2.93892626e+00 -3.42273553e+00
 -3.85256621e+00 -4.22163963e+00 -4.52413526e+00 -4.75528258e+00
 -4.91143625e+00 -4.99013364e+00 -4.99013364e+00 -4.91143625e+00
 -4.75528258e+00 -4.52413526e+00 -4.22163963e+00 -3.85256621e+00
 -3.42273553e+00 -2.93892626e+00 -2.40876837e+00 -1.84062276e+00
 -1.24344944e+00 -6.26666168e-01 -3.67394040e-15  6.26666168e-01
  1.24344944e+00  1.84062276e+00  2.40876837e+00  2.93892626e+00
  3.42273553e+00  3.85256621e+00  4.22163963e+00  4.52413526e+00
  4.75528258e+00  4.91143625e+00  4.99013364e+00  4.99013364e+00
  4.91143625e+00  4.75528258e+00  4.52413526e+00  4.22163963e+00
  3.85256621e+00  3.42273553e+00  2.93892626e+00  2.40876837e+00
  1.84062276e+00  1.24344944e+00  6.26666168e-01  2.20498322e-14
 -6.26666168e-01 -1.24344944e+00 -1.84062276e+00 -2.40876837e+00
 -2.93892626e+00 -3.42273553e+00 -3.85256621e+00 -4.22163963e+00
 -4.52413526e+00 -4.75528258e+00 -4.91143625e+00 -4.99013364e+00
 -4.99013364e+00 -4.91143625e+00 -4.75528258e+00 -4.52413526e+00
 -4.22163963e+00 -3.85256621e+00 -3.42273553e+00 -2.93892626e+00
 -2.40876837e+00 -1.84062276e+00 -1.24344944e+00 -6.26666168e-01]