[ 2.09931796e+00  1.26054153e+00  4.21612088e-01  6.10144690e+00
  1.28401231e+00 -9.16420759e-01  1.40234625e+00  8.59446003e-01
  2.14306293e+00 -1.18030408e+00  2.17303825e+00  1.30810380e+00
  1.96342829e+00  4.09791172e-01 -7.67439895e-02 -1.09076589e-02
  9.30711059e-01  1.13139053e+00  1.22000435e+00  1.46619414e+00
 -7.29042711e-01  1.58493399e+00  1.91394668e+00  5.52015012e+00
  1.95279009e+00  1.58228502e+00 -7.66940575e-01  2.26036838e+00
 -1.29668354e+00  3.51630133e+00  6.66859774e-01  1.52256868e+00
  1.95919829e+00  1.06633682e+00  8.44545679e-01  6.57429607e-01
  1.59773363e+00  2.55962890e-01  1.18493215e+00  4.42848035e-01
  2.05435535e+00  1.22944574e+00  1.46745419e+00  1.70421109e+00
  2.08007107e+00  1.65608522e+00  1.55239460e+00  1.72073876e+00
  1.42156721e+00 -2.75332929e-01  6.23494864e+00 -3.90825945e-01
  9.18194460e-01  1.76229857e+00  8.29235598e-02  1.35447629e+00
  2.59769661e-01  6.81636240e-01  2.21898228e+00  9.38599993e-01
  1.57771512e+00  1.88698317e+00  8.81208428e-01  2.48934562e+00
  1.75842481e+00  1.31995816e+00  1.64227008e+00  4.66191063e-01
  2.59567443e+00 -7.61717847e-01  1.36422636e+00  6.30537182e+00
  1.05178299e+00  2.48244861e+00  1.23677358e+00  1.63186258e+00
  2.32931382e+00  1.77527323e-03  6.26065389e+00  5.89916373e+00
  8.76666926e-01  4.84599675e-01  4.15116606e-02  6.33818044e-01
  2.27449401e+00  1.57976061e+00 -6.58498327e-02 -9.43926787e-01
  1.28416807e-02 -4.67991179e-01  8.48946615e-01  1.97215625e+00
  2.37455529e+00  2.10956037e+00  1.43505274e+00 -7.95566244e-01
  1.37312063e+00  1.00315614e+00  2.73448670e+00 -1.20584973e+00
  1.62660819e+00  5.69695400e+00  5.75480542e+00  1.49950441e+00
  1.48616264e+00  1.28042408e+00  1.29540541e+00  1.41261673e+00
  2.54983813e+00  4.56146277e+00  1.59817510e+00  3.09983890e+00
  1.85920305e+00  1.53432522e+00 -6.70543062e-01  2.37825567e+00
  5.42422318e+00  2.97586925e+00  1.83019481e+00  9.75565946e-01
  1.23255099e+00 -1.85696648e-01  6.33441465e+00  1.79616886e+00
  3.63032075e+00  1.25809772e+00  5.92553795e-01  7.98895071e-01
  2.05159192e-01  1.56379241e+00  2.06152616e+00  1.66520610e-01
  1.34093721e+00  1.10504164e+00  6.67044232e-01  6.38027884e-01
  3.73209800e+00  8.80809011e-01  1.20718133e+00  1.98956258e+00
  1.96264576e+00 -2.13697237e-01  7.88101598e-01  3.79423025e-01
  7.98898075e-01  2.16153588e+00  9.41068990e-01  8.68114674e-01
  6.52896646e-01  1.88948208e+00  1.54852261e+00  2.94579572e+00
  6.72840045e-01  1.28257923e+00  1.07239665e+00  2.29880385e+00
  1.64031839e+00  1.59464543e+00  1.32442776e+00  1.84346254e+00
  5.90259866e-01  6.30483095e+00  1.78054462e+00  1.90031077e+00
  9.64500836e-01  9.33466588e-01  1.34398752e+00  2.74968736e+00
  2.88371450e+00  1.59605840e+00  1.77251232e+00  1.92311160e+00
  5.78069513e+00  3.99493185e-01  2.54144121e+00  3.26346297e+00
  3.41680396e+00  7.82482015e-01  1.54343499e+00  2.41813091e-01
  1.60973296e+00  1.56931078e+00  3.91306554e-01  1.48234246e+00
  3.44628998e+00  2.04189495e+00  2.68978272e+00  2.28582345e+00
  2.50372187e+00  3.07560568e+00  6.36379226e+00  2.96183088e+00
  2.67545055e+00  4.73629482e+00  1.11565998e+00  1.63091227e+00
  9.47349034e-01  3.65773402e-02  1.80733229e+00  3.73646620e+00
  7.79515470e-01  1.42039600e+00  1.73662243e+00  5.35451765e-01
  1.77134299e+00  2.33063242e+00  3.44938020e+00  5.13713535e+00
  2.12113851e+00  1.50421716e+00  2.36289037e+00  8.26308949e-01
  2.07347866e+00  3.88600644e+00  1.08820037e+00  1.45175496e+00
  6.90400044e-01  8.23591210e-01  2.32990410e+00 -4.90074984e-01
 -2.67385822e-01  1.52095704e+00 -3.79049280e-01  7.43561754e-01
  6.21315533e+00  2.50749994e+00  3.65478982e+00  1.57986686e+00
  4.94854468e+00  7.78447783e-01  1.52938018e+00  2.82446666e+00
  1.86122426e+00  1.30038175e+00  1.74783739e+00  6.60959426e+00
 -5.08376917e-01  1.34696097e+00  1.04134101e+00  2.54311153e+00
  1.18221227e+00  1.04965777e-01  1.89939182e+00  2.91582134e+00
  4.64952982e+00 -1.61696603e-01  2.01871433e+00  1.30354423e+00
  2.19282165e+00  9.24522403e-02  2.87380069e+00  1.22883406e+00
  2.93725578e+00 -5.54980910e-01  2.66220054e-01  1.64945622e+00
  1.39984743e+00  2.62184748e+00  3.27128885e+00  8.43563324e-01
  2.69824925e+00  1.99313546e+00  2.29825660e+00  3.94604142e+00
  9.17394566e-01  9.88263728e-01  2.47469997e-01  1.71908290e+00
  1.28558801e+00  2.82407639e-01 -1.82102956e-01  2.05700271e+00
  1.82179774e+00  2.43509691e+00  9.14735600e+00  1.05129524e+00
  2.19976641e+00  1.90342427e+00  2.52039193e-01  2.22275563e+00
  1.75250463e+00  9.59488022e-01  2.75916465e+00  2.46143953e+00
  2.38567625e+00  1.00960685e+00  8.39407895e-01  2.14661365e-01
  1.55932778e+00  1.13845961e+00  1.95969529e+00  1.88534727e+00
  6.04799865e-01  1.17884499e+00  1.77801535e+00  2.71105137e+00
  3.27803917e+00  3.10637167e+00  2.17821613e+00  2.83290042e+00
  4.62336960e-01  6.90406660e-01  6.66465828e-01  1.05894868e+00
  1.00229915e+00  4.62717029e-01  2.65993139e+00  6.33917985e+00
  2.77791844e+00  4.44480048e+00  2.02173810e+00  6.73427851e+00
  1.32146346e-01  1.49162243e+00  1.46375627e+00  5.83087578e+00
  4.29982149e+00  4.60827387e+00  1.46675605e+00  7.06821668e-01
  6.72714101e+00  8.09175109e+00  1.50695550e+00  2.19633810e+00
  7.92210684e+00  7.75155234e+00  1.78693998e+00  2.80915188e+00
  1.50576770e+00  2.64151786e+00  2.41776209e+00  1.05868691e-01
  2.22942120e+00  2.32178076e+00  2.27771722e+00 -4.80197311e-02
  1.91157887e+00  2.77752623e+00  1.92429851e+00  4.28144193e+00
  2.57094359e-01  2.89080522e+00  1.42938812e+00 -3.67329586e-01
  3.92682227e+00  2.07886155e+00  1.67370033e+00  2.90457304e+00
  2.51827510e+00  1.34650553e+00  2.16343702e+00  5.76645995e+00
  2.29232554e+00  2.21553676e+00  3.39864310e+00  2.01503209e+00
  1.48862793e+00  3.70889396e+00  9.09166405e-01  7.99855056e-01
  3.40676325e+00  1.34639943e+00  3.13842179e+00  1.04081975e+00
  3.32930330e+00  5.82253574e+00  1.61159522e+00  2.52286005e+00
  6.45789559e+00  2.32078299e-03  1.56393643e+00  3.21392720e+00
  3.19067542e+00  3.35158755e+00  1.05990118e+00  1.23428886e+00
  1.81126720e+00  2.11212737e+00  1.23090037e+00  5.85513546e-01
  1.23920769e+00  6.81700785e+00  2.66063125e+00  2.45323596e+00
  2.17377879e+00  2.39085187e+00  2.69842373e+00  6.11427240e+00
  3.69247304e+00  1.55075551e+00  2.59044300e+00  1.18330872e+00
  2.61062352e+00  6.05163599e+00  6.03965311e+00  3.22725320e+00
  3.08846504e+00  8.52452302e+00  2.32330629e+00  1.51147732e+00
  2.47204635e+00  2.26602019e+00  1.14578595e+00  7.43594060e+00
  1.94808264e+00  2.95400159e+00  2.90449423e+00  2.40741508e+00
  6.71301829e+00  1.65744568e+00  2.71963689e+00  1.41363219e+00
  3.23718715e+00  1.04994000e+00  1.85827892e+00  3.32431622e+00
  2.77997569e+00  2.11345631e+00  1.34672653e+00  8.91342518e-01
  2.86902225e+00  5.55399306e+00  1.96409706e+00  3.33780600e+00
  5.38666401e+00  1.83771522e+00  5.99740664e-01  2.06733750e+00
  2.45370322e+00  1.82994271e+00  1.53852436e+00  1.81585219e+00
  4.49739886e-01  3.06011085e+00  9.06105851e-01  3.87783491e+00
  1.30111515e+00  2.44854716e+00  6.11005521e+00  3.28921404e+00
  2.87848610e+00  1.67696396e+00  3.32737273e+00  3.83789287e+00
  3.44346065e+00  3.57974186e+00  2.82983119e+00  3.30824697e+00
  1.36857793e+00  1.31037802e+00  2.34676791e+00  1.88013073e+00
  2.43290233e+00  7.86729409e-01  2.04910097e+00  2.52439464e+00
  3.58170065e+00  1.65819462e+00  1.47371119e+00  3.06782563e+00
  1.29144566e+00  2.04923143e+00  1.64615823e+00  2.33190539e+00
  3.90448334e+00  1.96601891e+00  3.11937291e+00  3.87214274e+00
  2.82118372e+00  3.57388745e+00  3.72995734e+00  2.43347580e+00
  3.05199579e+00  2.07764515e+00  4.02013753e+00  2.84727757e+00
  5.65855061e+00  2.13303125e+00  3.67238134e+00  1.57590701e+00
  2.21287670e+00  2.73862970e+00  3.75158392e+00  1.00823876e+00
  3.46050787e+00  2.18892517e+00  4.51121990e+00  3.36682065e+00
  9.24093937e+00  3.31795903e+00  3.21022195e+00  2.53579821e-01
  1.58704689e+00  3.46979235e+00  3.40170965e+00  7.26280299e+00
  1.42215592e+00  2.24516104e+00  2.65181043e+00  2.64282129e+00
  2.82390280e+00  2.22830652e+00  3.15393012e+00  2.97146381e+00
  6.38759933e+00  3.23733809e+00  4.39579529e+00  8.27704431e+00
  4.30790002e+00  3.56167989e+00  3.39455510e+00  2.67267580e+00
  2.29193811e+00  2.38560205e+00  8.02644318e+00  3.03886451e+00
  1.01789703e+00  9.10302755e+00  6.92546052e+00  6.79271378e+00
  3.12361473e+00  1.52958958e+00  1.09678872e+00  3.38363327e+00
  2.04403213e+00  1.69545810e+00  7.73753323e+00  7.03018713e-01
  3.31337776e+00  4.68057809e+00  3.22529425e+00  3.53352887e+00
  1.85097339e+00  1.09630623e+00  2.90592322e+00  4.33685558e+00
  3.34619312e+00  2.34797709e+00  2.22559193e+00  3.26620291e+00
  3.48541399e+00  3.43871486e+00  6.34051705e+00  4.50509457e+00
  3.08062011e+00  2.06430296e+00  1.09840656e+00  5.85539850e+00
  3.25914645e+00  3.38239900e+00  4.11216756e+00  2.43473419e+00
  3.51311489e+00  2.02170467e+00  3.00342339e+00  1.30449670e+00
  1.91918603e+00  2.00348292e+00  1.93171763e+00  2.96234062e+00
  2.84077412e+00  3.69155539e+00  7.30593566e+00  3.27638944e+00
  2.28145682e+00  2.59682964e+00  2.64546588e+00  1.70229052e+00
  2.82362890e+00  3.61908660e+00  4.73398570e+00  5.10906532e+00
  8.48779628e+00  3.31592831e+00  3.42028358e+00  4.52250160e+00
  2.99336579e+00  2.85195387e+00  2.78886060e+00  3.52639108e+00
  2.21017154e+00  2.98139087e+00  3.28356214e+00  4.84538939e+00
  2.95062170e+00  3.42701431e+00  3.15211628e+00  2.65108931e+00
  3.49493949e+00  3.74071717e+00  2.07711869e+00  4.55779174e+00
  7.54872857e+00  3.67488614e+00  3.21382043e+00  3.28391484e+00
  4.65606821e+00  3.47170306e+00  8.10684457e+00  1.64884865e+00
  4.52407251e+00  3.56331378e+00  3.25865029e+00  2.94679755e+00
  4.30389425e+00  3.75007624e+00  2.10179856e+00  9.23965422e+00
  5.12241195e+00  2.98911708e+00  3.37163085e+00  2.59989971e+00
  3.31586957e+00  2.57632239e+00  1.35520948e+00  3.23000157e+00
  3.29621053e+00  2.07924562e+00  3.39644489e+00  2.13694363e+00
  8.42170413e+00  2.74316584e+00  2.26974064e+00  3.21963395e+00
  3.01206778e+00  2.70222219e+00  2.80506147e+00  4.39358702e+00
  3.86050244e+00  4.42723604e+00  4.05993160e+00  5.46768039e+00
  1.62887736e+00  3.45204980e+00  4.10306622e+00  2.87331564e+00
  3.04833846e+00  4.52177809e+00  2.71821438e+00  3.26539451e+00
  4.11595863e+00  3.14731744e+00  3.52975461e+00  3.72453065e+00
  2.03242326e+00  3.14585087e+00  4.72685922e+00  4.52552663e+00
  1.76410280e+00  5.00302503e+00  4.47090927e+00  3.09839976e+00
  7.15252851e+00  3.31386455e+00  2.93564051e+00  9.19734047e+00
  2.65101626e+00  7.83107490e+00  3.02854367e+00  4.94796048e+00
  4.36444185e+00  1.86484434e+00  3.63769600e+00  3.56347751e+00
  6.04322007e+00  4.32309121e+00  3.89774631e+00  7.29707892e+00
  7.99320052e+00  3.92173661e+00  5.28518432e+00  3.16893939e+00
  3.82305556e+00  9.97594267e+00  5.93689896e+00  2.97925245e+00
  4.20096080e+00  3.34468064e+00  4.23523243e+00  3.85670101e+00
  3.51568453e+00  5.86639406e+00  4.12602797e+00  3.71437632e+00
  2.47626409e+00  4.76977499e+00  2.49384608e+00  4.30944659e+00
  4.06917107e+00  3.75531903e+00  4.22272579e+00  3.11229815e+00
  4.99707417e+00  3.34025113e+00  3.49437698e+00  3.77936618e+00
  3.97122526e+00  4.45273239e+00  5.19163465e+00  5.19248202e+00
  2.22273300e+00  3.39622391e+00  4.77120193e+00  4.42849516e+00
  4.02293764e+00  4.86063007e+00  4.53000328e+00  3.61033415e+00
  3.78627826e+00  2.58027047e+00  3.61938484e+00  5.18063445e+00
  4.99137216e+00  2.61570233e+00  3.68577351e+00  2.26780129e+00
  5.16563791e+00  6.50321138e+00  3.75305880e+00  3.86214315e+00
  3.75664622e+00  3.94069329e+00  5.27561747e+00  6.32493861e+00
  2.59575854e+00  4.14041977e+00  4.33264719e+00  3.93138952e+00
  2.97325093e+00  5.43251948e+00  3.78011406e+00  3.11999917e+00
  1.01103599e+01  5.47674333e+00  1.01811773e+01  4.04536873e+00
  5.10320647e+00  4.45269867e+00  5.58112255e+00  6.23608305e+00
  3.50097787e+00  3.53973013e+00  5.98398943e+00  8.92483178e+00
  9.94106562e+00  3.95974574e+00  2.40637141e+00  3.85842256e+00
  5.22992338e+00  4.12931553e+00  4.51376722e+00  5.51886296e+00
  3.27578870e+00  4.15143814e+00  2.38119841e+00  4.76755340e+00
  4.86138704e+00  6.09457345e+00  3.93065460e+00  4.94697598e+00
  3.08504411e+00  3.97868082e+00  5.36949996e+00  3.22751175e+00
  3.29913306e+00  3.45968567e+00  1.00542486e+01  5.17979229e+00
  4.33416968e+00  5.36206819e+00  2.33850233e+00  9.50080481e+00
  5.22774828e+00  4.07020282e+00  4.76411057e+00  3.88940560e+00
  5.70441929e+00  5.85688432e+00  4.70091274e+00  6.15121915e+00
  4.54566571e+00  5.18840739e+00  5.86096822e+00  4.42384376e+00
  4.25422236e+00  3.99692771e+00  3.78888558e+00  4.22076019e+00
  4.89574082e+00  3.69895964e+00  5.23919510e+00  5.44376708e+00
  9.86317815e+00  5.31692362e+00  3.13781854e+00  6.19029673e+00
  5.71998118e+00  1.01655282e+01  5.05338041e+00  4.53579088e+00
  4.94029518e+00  4.44145057e+00  4.09041738e+00  4.58504810e+00
  4.66184489e+00  5.02317512e+00  4.20275788e+00  3.68147462e+00
  3.73885773e+00  4.68041324e+00  6.75718575e+00  5.64107425e+00
  4.64653898e+00  3.87895768e+00  4.94709612e+00  5.19444641e+00
  7.54662773e+00  6.72765011e+00  5.77740003e+00  5.69211312e+00
  6.08064905e+00  4.97596053e+00  9.58926676e+00  4.06478661e+00
  6.20194485e+00  2.84927755e+00  4.60897850e+00  8.31318155e+00
  4.62205487e+00  9.10550894e+00  5.03307141e+00  3.29419029e+00
  9.21319873e+00  7.28023195e+00  3.95814289e+00  6.08131394e+00
  7.22278345e+00  4.91147078e+00  5.46801138e+00  6.16080135e+00
  3.39015989e+00  4.81176519e+00  8.57331280e+00  5.68977792e+00
  6.34833137e+00  6.83027046e+00  5.48181535e+00  9.89965577e+00
  3.77311150e+00  5.72532460e+00  5.51060206e+00  4.41328262e+00
  4.41154173e+00  5.70556378e+00  1.13450996e+01  5.16932048e+00
  5.81250670e+00  5.27484469e+00  9.72447400e+00  5.22401152e+00
  4.87347752e+00  3.70105878e+00  4.95250875e+00  4.94960816e+00
  5.41362685e+00  5.61068607e+00  7.28092500e+00  4.52397858e+00
  6.98308693e+00  7.45963810e+00  4.38514568e+00  1.01307143e+01
  5.30103691e+00  6.85709779e+00  7.28452803e+00  7.17743214e+00
  6.22714222e+00  5.42729232e+00  3.73799703e+00  1.03183166e+01
  3.97418086e+00  6.63770409e+00  4.87392841e+00  6.27760972e+00
  7.17024621e+00  4.73834084e+00  1.07361596e+01  6.40699555e+00
  6.02929129e+00  5.54039810e+00  6.50212809e+00  5.93417520e+00
  5.25743416e+00  6.16261253e+00  6.12702602e+00  5.52968605e+00
  5.10165496e+00  3.70666328e+00  5.68042149e+00  5.50422823e+00
  5.88843344e+00  5.84929962e+00  7.41954356e+00  6.19512976e+00
  6.58344943e+00  4.76155483e+00  5.58704718e+00  1.05314248e+01
  5.59674067e+00  5.34025823e+00  5.72201276e+00  5.91347529e+00
  7.79615066e+00  4.92956049e+00  4.76418857e+00  5.76530264e+00
  5.89390504e+00  6.47057776e+00  1.04388160e+01  6.98921110e+00
  8.11092044e+00  6.97569138e+00  7.28250903e+00  1.09209480e+01
  7.62093165e+00  5.90305957e+00  7.01562514e+00  6.02724759e+00
  5.80256738e+00  7.04202165e+00  5.84700530e+00  1.22687142e+01
  6.39479553e+00  5.75800607e+00  7.03495441e+00  7.11468745e+00
  6.60460382e+00  1.01654097e+01  8.73697335e+00  7.01021230e+00
  6.98808650e+00  7.17525609e+00  6.55944633e+00  5.05310717e+00
  5.73472050e+00  7.81837386e+00  6.34315889e+00  5.97157620e+00
  6.86977967e+00  5.24575156e+00  7.26227488e+00  5.89049277e+00
  5.43061363e+00  4.37285983e+00  6.13998135e+00  7.41627712e+00
  6.94131046e+00  7.74472165e+00  5.86001528e+00  6.90013974e+00
  5.39341369e+00  8.51521554e+00  6.51379980e+00  6.30934219e+00
  6.99370946e+00  7.59114959e+00  1.20524135e+01  8.24018386e+00
  6.81561948e+00  7.88129398e+00  6.55712574e+00  6.67723757e+00
  6.53825662e+00  7.35892306e+00  8.91458569e+00  6.89076608e+00
  8.34105115e+00  5.64909894e+00  6.59865767e+00  7.47851594e+00
  6.70263726e+00  6.60161431e+00  6.73484474e+00  7.52729026e+00
  6.66463649e+00  8.03933668e+00  7.28295552e+00  8.06175851e+00
  9.57716852e+00  7.41290052e+00  7.03654003e+00  5.67725676e+00
  7.80189653e+00  6.83074931e+00  8.20786946e+00  1.26922169e+01
  7.14578129e+00  1.25886121e+01  8.10034397e+00  5.76797801e+00]